0 61 14
0 56 2
0 31 14
0 20 8
0 60 3
0 53 18
0 59 4
0 13 10
0 10 17
0 27 11
0 50 9
0 26 1
0 46 5
0 54 6
0 18 10
0 30 2
0 9 9
0 45 4
0 4 1
0 38 17
0 43 9
0 48 20
0 33 19
0 34 10
0 29 14
0 11 20
0 25 7
1 50 2
1 9 5
1 0 11
1 5 18
1 41 13
1 42 2
1 12 16
1 63 16
1 20 11
1 62 2
1 38 8
1 47 8
1 33 8
1 15 6
1 17 19
1 48 1
1 10 16
1 23 5
1 57 9
1 19 16
1 30 12
1 52 15
1 31 9
1 36 2
1 53 20
1 34 1
2 19 9
2 45 9
2 53 11
2 29 15
2 37 17
2 55 12
2 56 10
2 7 17
2 14 4
2 0 5
2 33 10
2 62 16
2 5 14
3 59 8
3 2 4
3 48 19
3 26 1
3 20 19
3 49 10
3 62 10
3 56 3
4 4 19
4 51 11
4 25 19
4 47 16
4 40 17
4 55 3
4 10 13
4 23 9
4 54 3
4 22 16
5 45 3
5 36 17
5 57 19
5 18 12
5 37 20
5 60 13
5 5 16
5 24 1
5 14 4
5 53 2
5 32 2
5 61 16
5 39 3
5 25 3
5 16 7
5 9 18
6 20 10
6 42 2
6 37 17
6 33 9
6 49 16
6 17 13
6 1 1
6 22 14
6 11 4
7 12 8
7 49 10
7 29 7
7 21 14
7 27 18
7 0 7
7 41 9
7 26 16
7 6 15
7 53 17
7 63 7
7 39 14
7 35 6
7 16 9
7 40 6
7 25 17
7 33 19
7 30 3
7 48 17
7 62 10
7 31 11
7 37 7
7 52 20
8 56 15
8 6 6
8 41 7
8 57 15
8 54 9
8 2 8
9 38 12
9 26 6
9 45 15
9 34 5
9 18 13
9 63 14
9 30 18
9 14 4
9 44 13
9 29 8
9 2 20
9 7 5
9 15 13
9 37 4
9 40 6
10 39 13
10 14 3
10 54 5
10 28 8
10 40 14
10 62 11
10 50 16
11 63 1
11 16 8
11 53 11
11 12 15
11 56 20
11 13 17
11 62 19
11 27 7
11 1 12
11 58 5
11 48 1
11 20 7
11 50 18
11 42 16
11 40 8
11 11 19
12 53 3
12 62 6
12 9 15
12 27 10
12 56 4
12 40 3
12 50 4
12 20 18
12 13 16
12 48 1
12 58 17
12 38 7
12 19 12
12 33 1
12 12 9
12 3 1
12 51 3
12 5 1
12 49 19
12 42 6
12 15 18
12 39 4
12 29 5
12 52 14
12 25 11
12 60 9
14 13 1
14 7 5
14 35 17
14 56 11
14 21 17
14 48 7
14 14 18
14 25 12
14 61 2
14 32 3
14 49 13
14 45 17
14 1 2
14 39 10
14 37 6
14 31 13
14 24 16
14 0 15
14 62 13
14 17 10
14 4 4
15 51 12
15 19 9
15 10 4
15 62 15
15 47 2
15 15 20
15 33 2
15 14 7
15 42 19
15 45 14
15 38 17
15 41 3
15 52 2
16 23 3
16 27 18
16 8 19
16 24 4
16 56 14
16 43 13
16 18 11
16 57 13
16 16 16
16 49 12
17 56 6
17 18 18
17 29 11
17 50 12
17 52 5
17 58 16
18 56 6
18 48 2
18 23 10
18 31 9
18 45 10
18 52 2
18 11 8
18 37 10
18 8 14
18 54 2
18 61 16
18 43 14
18 32 2
18 15 11
18 60 8
18 27 7
18 10 11
18 39 5
18 55 2
19 10 4
19 50 12
19 4 3
19 3 14
20 48 19
20 16 11
21 47 20
21 30 19
21 27 5
21 1 16
21 41 13
21 10 19
21 33 10
21 8 6
21 44 6
21 35 13
21 24 13
21 63 11
21 3 2
21 15 4
21 25 16
21 61 9
21 39 8
21 40 4
21 29 10
21 31 10
22 52 3
22 32 1
22 37 19
22 2 9
22 13 4
22 54 1
22 44 8
22 56 4
23 34 6
23 62 14
23 29 5
23 19 20
23 43 19
23 3 6
23 25 10
23 44 3
23 11 14
23 14 17
23 60 13
23 10 7
23 61 10
23 49 7
23 52 16
23 13 6
24 42 17
25 54 3
25 11 16
25 43 11
25 49 6
25 27 18
25 26 11
25 50 3
25 2 14
25 40 13
25 56 3
25 25 15
25 47 15
25 63 17
25 20 5
25 29 14
25 37 9
25 16 1
25 6 19
25 1 5
25 28 4
25 9 9
27 44 3
27 55 10
27 38 20
27 27 12
27 51 6
27 53 5
27 40 6
27 33 19
27 50 19
27 29 11
27 37 15
27 28 2
27 43 10
27 41 10
28 24 18
28 43 16
28 26 20
28 4 9
28 50 15
28 38 5
28 60 16
28 31 2
28 3 20
28 22 19
28 33 9
28 20 17
28 17 14
28 13 11
28 51 9
28 15 6
28 47 14
28 40 6
28 42 19
28 45 14
28 14 1
28 56 20
28 58 17
28 28 7
29 31 2
29 60 1
29 54 2
29 14 2
29 48 10
29 63 3
29 49 5
29 5 6
29 44 19
29 34 8
29 51 2
29 52 17
29 50 10
29 4 11
29 45 17
29 30 6
29 56 12
30 11 15
30 55 19
30 8 16
30 62 4
30 14 7
30 59 19
30 6 17
30 38 14
30 54 7
30 45 6
30 23 19
31 2 11
31 44 1
31 63 13
33 31 3
33 29 19
33 57 9
33 38 10
33 18 10
33 8 1
33 56 8
33 10 16
33 3 13
33 25 15
33 14 7
33 4 10
33 62 4
33 35 16
33 63 9
33 50 11
33 9 5
34 34 2
35 5 10
35 10 4
35 62 14
35 13 11
35 25 17
35 41 17
35 58 5
35 39 10
35 63 6
35 20 18
35 56 11
35 8 9
35 17 6
35 0 14
35 44 15
35 18 17
35 48 15
35 3 4
35 35 2
35 1 20
35 61 6
35 24 11
35 15 10
35 28 16
35 4 9
36 47 9
36 11 11
36 22 12
36 4 15
36 20 3
36 44 15
36 60 2
36 10 8
36 61 6
36 51 15
36 14 4
36 49 13
36 15 9
36 63 9
36 2 5
36 62 6
36 28 8
36 52 17
36 55 2
36 43 3
36 19 17
36 56 1
36 48 11
36 36 7
36 33 4
36 17 19
36 45 4
36 18 9
36 53 13
37 61 2
37 43 14
37 10 13
37 46 2
37 26 18
38 62 5
38 55 18
38 23 20
38 19 10
38 10 11
38 22 19
38 54 8
38 6 9
38 18 14
38 4 4
38 38 3
38 34 13
38 24 15
39 46 4
39 19 6
39 58 2
39 38 19
39 37 4
39 52 8
39 54 10
39 29 16
39 34 7
39 25 1
40 32 13
40 17 1
40 46 16
40 34 20
40 61 13
40 41 5
40 16 13
40 63 13
40 36 13
41 51 12
41 26 14
41 3 1
41 6 18
41 55 1
41 50 12
41 32 1
41 61 4
41 34 13
41 49 13
41 24 15
41 48 18
41 52 6
41 16 11
41 45 19
41 59 18
41 20 18
43 10 20
43 2 10
43 31 10
43 60 13
44 63 9
44 13 4
44 10 8
44 52 15
45 11 2
45 48 11
45 59 4
45 44 2
45 26 14
45 46 17
45 7 5
45 39 17
45 8 19
45 24 8
45 61 7
45 49 3
45 33 4
45 53 16
45 60 19
47 34 18
47 55 10
47 17 16
47 54 17
47 41 20
49 21 9
49 28 4
51 56 16
51 21 3
51 19 7
51 32 7
51 37 17
51 45 13
51 18 14
51 3 16
51 5 18
51 58 3
51 59 4
51 10 1
51 57 6
51 17 2
51 34 19
51 46 1
51 11 6
51 42 16
51 6 3
52 40 17
52 47 3
52 63 8
52 49 20
52 55 8
52 16 7
52 31 10
52 38 16
52 46 1
52 52 4
52 45 12
52 53 7
52 48 2
52 11 5
52 35 19
52 42 14
52 8 7
52 50 2
52 20 14
54 9 15
54 33 2
55 11 11
55 19 6
55 33 2
55 29 8
55 10 12
55 37 13
55 16 10
55 58 14
55 8 18
55 22 11
55 31 6
55 63 1
55 5 16
55 62 1
55 51 8
55 3 5
55 42 12
55 28 14
55 45 18
55 24 3
55 21 1
55 12 16
57 45 14
57 9 14
57 29 3
57 7 6
57 24 5
57 23 6
57 13 5
57 21 13
57 42 17
57 15 14
57 20 12
57 17 9
57 47 9
57 35 4
57 32 16
57 34 1
57 39 9
57 40 6
57 58 6
57 10 1
57 12 1
57 28 17
57 48 16
57 27 17
57 63 3
57 38 2
