0 114 11
0 7 20
0 97 16
0 55 1
0 91 20
0 49 12
0 101 2
0 68 14
0 29 8
0 2 14
0 115 1
0 70 19
0 84 4
0 61 13
0 48 10
0 6 6
0 58 8
0 76 4
0 12 20
0 54 9
0 87 6
0 37 11
0 19 19
0 75 7
0 78 16
0 63 17
0 105 9
0 67 14
0 21 2
0 33 8
0 119 10
0 62 12
0 89 18
0 10 19
0 124 13
0 36 5
0 1 4
0 50 5
0 113 8
0 59 4
0 117 4
0 41 6
0 13 6
0 111 2
0 46 13
0 95 16
0 65 19
0 47 3
0 72 15
0 110 8
0 53 19
1 18 20
1 114 5
1 15 6
1 110 5
1 109 11
1 63 15
1 74 7
1 123 6
1 117 17
1 118 10
1 75 16
1 105 10
1 126 5
1 116 18
1 26 1
1 108 14
2 78 2
2 80 7
2 120 16
2 94 20
2 85 13
2 108 20
2 119 4
2 116 6
2 65 9
2 97 18
2 76 16
2 60 2
2 89 13
2 88 1
2 27 8
3 42 20
4 124 2
4 23 10
4 34 15
4 32 12
4 29 8
4 2 20
4 45 14
4 39 2
4 47 6
4 112 20
4 31 20
4 84 19
4 91 20
4 75 2
4 41 7
4 106 19
4 37 20
4 18 12
4 127 4
4 35 10
4 14 8
4 22 2
4 63 7
4 19 18
4 109 1
4 74 3
4 103 7
4 82 18
4 118 1
4 53 6
4 50 4
4 114 16
4 38 1
4 28 12
4 85 8
4 115 10
4 46 4
4 43 3
4 49 20
5 74 4
5 96 12
5 34 17
5 114 8
5 8 6
5 67 16
5 107 16
5 108 12
5 99 11
5 31 13
5 71 14
5 111 3
5 17 1
5 46 6
5 81 14
5 125 11
5 119 11
5 98 12
5 2 2
5 90 8
5 58 20
5 86 4
5 80 3
5 127 16
5 88 2
5 102 15
5 19 9
5 82 3
5 5 8
5 89 1
5 41 5
5 110 2
5 105 5
5 118 4
5 70 10
5 73 13
5 77 11
5 68 5
5 121 19
5 1 4
5 101 11
5 35 8
5 87 10
5 62 19
5 79 14
5 115 3
5 112 4
5 106 11
5 126 1
5 23 13
5 36 18
5 52 19
5 100 16
5 76 19
5 92 11
5 78 14
5 113 7
5 3 10
5 65 10
5 83 11
5 24 8
5 7 9
5 95 17
5 59 4
6 113 18
6 85 11
6 65 3
6 75 2
6 98 3
6 119 11
6 77 1
6 109 20
7 125 2
7 72 10
7 89 4
7 66 19
8 47 2
8 35 12
8 63 20
8 88 20
8 90 1
8 18 2
8 86 6
8 116 9
8 11 3
8 62 1
8 7 2
8 22 8
8 52 2
8 66 19
8 118 19
8 100 16
8 85 12
8 120 13
8 73 16
8 9 7
8 97 15
8 87 14
8 84 14
8 104 14
8 57 4
8 106 12
8 126 9
8 115 19
8 93 9
8 39 8
8 13 12
8 29 16
8 105 17
8 23 4
8 67 15
8 77 15
8 41 8
10 64 7
11 100 4
11 124 13
11 11 9
11 85 11
11 91 15
11 90 8
11 63 5
11 103 15
11 27 7
11 38 10
11 2 10
11 97 8
11 40 19
11 20 16
11 26 10
11 71 7
11 44 1
11 84 16
11 34 12
11 117 8
11 115 6
11 94 11
11 126 16
11 96 3
11 14 5
11 109 13
11 37 9
11 118 10
11 78 4
11 93 6
11 28 6
11 42 2
11 31 1
11 127 14
11 46 12
11 19 17
11 9 18
11 86 11
11 4 12
11 80 16
11 17 3
12 104 18
12 6 6
12 122 18
12 116 20
12 15 7
12 31 12
12 71 19
12 93 6
12 66 20
12 61 13
12 35 3
12 77 1
12 102 18
12 86 9
12 3 18
12 109 15
12 121 19
12 78 10
12 19 19
12 13 16
12 68 2
12 52 2
12 2 9
12 44 17
12 41 5
12 18 4
12 4 18
12 119 18
12 1 12
12 48 4
12 8 10
12 73 16
12 79 17
13 111 1
13 101 2
13 53 9
13 107 19
13 96 5
13 114 14
13 62 11
13 78 10
13 92 10
13 30 4
13 77 1
13 112 14
13 65 13
13 21 8
13 47 18
13 88 5
13 70 15
13 11 2
13 37 15
13 102 3
13 18 2
13 69 17
13 60 8
13 84 7
13 6 1
13 67 19
13 83 17
13 80 13
13 91 20
13 42 1
13 122 9
13 17 19
13 74 3
13 24 7
13 16 10
13 44 2
13 26 1
13 119 19
13 35 14
13 46 16
13 123 20
13 50 11
13 3 8
14 71 2
14 25 19
14 81 11
14 117 13
14 7 1
14 53 13
14 36 4
14 77 7
14 9 10
14 119 10
14 83 13
14 33 13
14 42 20
14 111 15
14 31 3
14 63 19
14 8 12
14 35 15
14 123 15
14 109 10
14 110 8
14 60 13
14 46 20
14 74 4
14 96 14
14 107 7
14 21 3
14 29 6
14 68 9
14 108 15
14 2 14
14 112 20
14 82 8
14 106 15
14 64 14
14 85 17
14 122 3
14 79 4
14 99 14
14 86 18
14 98 7
14 93 15
14 12 12
14 40 5
14 101 5
14 95 1
14 52 1
15 107 4
15 85 10
15 105 6
15 80 15
15 40 2
15 91 5
15 84 18
15 3 5
15 106 7
15 61 19
15 115 13
15 120 4
15 95 2
15 66 19
15 89 12
15 99 18
15 74 16
15 33 17
15 116 14
15 111 10
15 23 6
15 114 11
15 9 8
15 118 7
15 103 12
15 124 19
15 127 16
15 112 12
15 125 14
15 100 1
15 2 16
15 62 18
15 68 11
15 30 20
15 83 8
15 87 20
15 60 1
15 20 14
15 94 14
15 86 10
15 6 13
15 93 7
15 63 2
15 109 9
15 110 14
15 113 2
15 76 9
15 122 19
15 75 18
15 79 19
15 11 7
15 73 10
15 98 14
15 51 14
15 82 12
15 92 15
15 54 13
15 81 12
15 57 13
15 101 17
15 78 10
15 49 7
17 118 10
17 104 14
17 20 3
17 6 8
17 55 15
17 1 14
17 99 14
17 37 5
17 91 16
17 98 2
17 66 10
17 24 9
17 0 12
17 18 16
17 103 14
17 80 3
17 23 18
17 9 1
17 30 1
17 112 19
17 100 15
17 46 12
18 81 4
18 111 10
18 3 12
18 106 1
18 93 14
18 73 6
18 32 4
18 24 16
18 95 11
18 28 16
18 72 15
18 120 7
18 124 13
18 94 13
18 11 8
18 45 9
18 116 11
18 74 3
18 109 20
18 100 12
18 50 7
18 90 2
18 19 2
18 52 16
18 110 20
18 83 9
18 57 9
18 37 20
18 9 7
18 127 18
18 61 3
18 59 13
18 115 14
18 41 6
18 29 3
18 103 10
18 67 14
18 38 6
18 80 14
18 85 1
18 88 15
18 121 6
19 105 13
19 86 13
19 22 2
19 68 12
19 87 18
19 23 9
19 73 16
19 115 4
19 14 12
19 71 15
19 48 14
19 66 19
19 38 7
19 107 9
19 116 5
19 99 5
19 62 3
19 35 8
19 117 7
19 77 1
19 61 11
19 106 17
19 37 4
20 28 12
20 105 4
20 91 17
20 119 5
20 14 9
20 25 16
20 58 6
20 40 19
21 92 20
21 94 15
21 38 4
21 34 12
21 24 16
21 118 8
21 70 11
21 33 8
21 85 15
21 56 11
21 89 2
21 101 14
21 9 16
21 59 15
21 57 8
21 43 1
21 119 2
21 77 15
21 124 1
21 109 13
21 125 18
21 51 4
21 45 9
22 124 11
22 108 5
22 71 14
22 59 7
22 58 2
22 64 19
22 35 7
22 51 17
23 115 12
23 99 12
23 118 18
23 13 13
23 83 20
23 73 2
23 110 5
23 104 9
23 40 3
23 96 5
23 14 6
24 48 15
24 104 20
24 93 15
24 63 4
24 27 18
24 62 4
24 43 20
24 98 18
24 88 13
24 2 10
24 8 18
24 0 8
24 116 14
24 14 12
24 125 18
24 118 5
24 100 4
24 103 12
24 92 19
24 70 20
24 42 14
24 77 10
24 34 6
24 65 19
24 71 13
24 108 10
24 85 12
24 122 12
24 80 2
24 26 18
24 47 3
25 59 7
25 18 10
25 9 12
25 11 19
25 62 18
25 60 12
25 94 11
25 85 12
25 68 4
25 109 19
25 73 15
25 48 5
25 83 16
25 118 7
25 12 19
25 19 12
25 50 16
25 122 13
25 81 17
25 46 13
25 26 10
25 120 17
25 101 14
25 125 13
25 87 18
25 51 14
25 96 17
25 112 12
25 32 20
25 102 19
25 117 7
25 84 20
25 67 10
25 0 6
25 110 7
25 111 18
25 35 8
25 63 7
25 108 15
25 25 17
25 100 18
25 31 11
25 45 10
25 78 9
25 115 4
25 97 11
25 71 16
25 82 14
25 106 10
25 104 16
25 23 18
25 107 15
25 72 14
25 55 12
25 113 14
25 3 18
25 8 11
25 80 9
25 114 1
25 127 16
25 41 18
26 22 14
26 77 19
26 110 5
26 27 10
26 120 5
26 104 3
26 87 14
26 78 14
26 116 1
26 69 18
26 89 18
26 67 18
26 113 17
26 117 20
26 2 19
26 71 5
26 80 6
26 31 9
27 62 9
27 99 3
27 85 7
27 111 14
27 65 6
27 100 15
27 79 7
27 17 13
27 115 16
27 60 2
27 103 13
27 120 10
27 34 11
27 74 16
27 67 7
27 64 17
27 21 17
27 29 12
27 92 18
27 88 11
27 45 6
27 94 9
27 22 10
27 72 2
27 97 17
27 76 17
27 6 5
27 104 17
27 124 12
27 122 5
27 59 7
27 110 6
27 10 9
27 19 7
27 119 15
27 30 13
27 116 18
27 127 8
27 42 7
28 74 20
28 98 16
28 122 11
29 31 17
29 94 20
29 45 13
29 44 5
29 61 11
29 22 13
29 32 2
29 20 1
29 51 17
29 13 8
29 96 11
29 83 19
29 43 8
29 12 8
29 25 16
29 53 10
29 59 3
29 64 2
29 125 15
29 110 17
29 113 5
29 62 3
29 65 19
29 56 6
29 100 2
29 63 8
29 107 14
29 124 17
29 72 20
29 85 14
29 115 12
29 30 13
29 112 20
29 102 14
29 67 15
29 1 16
29 106 2
31 28 6
31 51 19
31 126 8
31 79 8
31 88 3
31 55 2
31 120 5
31 58 9
31 81 13
31 6 17
32 41 6
32 98 16
32 52 7
32 124 5
32 54 2
32 80 1
32 22 17
32 100 8
32 53 19
32 67 2
32 63 12
32 115 1
32 121 17
32 23 5
33 17 18
33 114 16
33 46 13
33 93 7
33 97 4
33 96 2
33 6 14
33 64 10
33 37 7
33 1 11
33 59 14
33 28 17
33 24 11
33 112 13
33 86 11
33 99 13
33 70 16
33 52 2
33 48 5
33 102 11
33 50 7
33 38 18
33 126 7
33 76 9
33 81 2
33 106 11
33 77 14
33 30 15
33 113 16
33 56 19
33 79 1
33 121 4
33 120 14
33 22 13
33 47 4
33 55 14
33 104 13
34 103 19
34 59 15
34 116 18
34 75 10
34 88 7
34 118 19
34 66 16
34 67 18
34 112 3
34 98 6
34 60 6
34 58 1
34 106 5
34 26 5
34 30 16
34 54 7
34 70 17
34 1 12
34 123 16
34 117 16
34 82 9
34 87 20
34 84 2
34 109 18
34 71 19
34 107 18
34 119 20
34 36 5
34 47 9
34 113 20
34 55 20
34 41 16
34 122 5
34 110 5
34 73 2
34 53 9
35 83 14
35 80 6
35 33 18
35 1 4
35 21 18
35 0 16
35 72 11
35 10 13
35 77 16
35 38 12
35 106 18
35 110 2
35 87 3
35 70 12
35 125 20
35 109 11
35 96 4
35 118 9
38 65 7
38 46 7
38 34 18
38 44 4
38 43 1
38 101 5
38 107 18
38 13 9
38 98 16
38 58 19
38 112 17
38 118 2
38 14 17
38 62 5
38 47 11
38 87 11
38 123 9
40 87 19
40 116 9
40 0 6
40 27 3
40 55 19
40 91 12
40 108 13
40 121 4
40 88 16
40 24 17
40 122 20
40 51 6
40 29 7
40 9 16
40 21 8
40 44 11
40 34 16
40 41 18
40 18 2
40 10 6
40 115 6
40 97 16
40 35 7
40 40 6
40 32 2
40 94 17
40 8 20
40 84 13
40 57 19
40 102 17
40 19 17
40 123 2
40 77 3
40 12 18
40 66 1
40 38 20
40 2 12
40 46 12
40 17 16
40 111 11
40 48 4
40 103 16
40 118 16
40 110 17
40 106 18
40 126 7
40 60 6
40 49 9
40 80 15
41 92 13
41 10 7
41 109 11
41 65 20
41 7 14
41 101 6
41 103 10
41 79 9
41 53 3
41 17 2
41 82 8
41 45 9
41 108 16
41 90 10
41 71 12
41 37 20
41 86 9
41 122 9
41 55 16
41 22 7
41 115 14
41 99 12
41 31 14
41 125 15
41 126 8
42 103 14
42 115 16
42 29 7
42 106 20
42 9 17
42 31 13
42 87 20
42 110 14
42 97 6
42 84 8
42 119 8
42 67 20
42 20 16
42 16 13
42 33 18
42 70 20
42 6 10
42 105 7
42 19 20
42 41 16
42 4 2
42 100 10
42 72 12
42 90 16
42 123 15
42 48 12
42 73 16
42 46 4
42 34 16
42 122 4
42 63 13
42 108 11
42 104 9
42 17 3
42 74 19
42 56 9
42 113 13
42 52 3
42 99 1
42 82 8
42 116 5
42 2 7
42 57 16
42 107 8
42 32 12
42 91 1
42 0 9
42 112 20
42 54 8
42 94 6
42 55 19
42 83 17
43 32 12
43 80 19
43 22 10
43 116 17
43 94 11
43 60 20
43 70 5
43 1 8
43 109 7
43 65 4
43 114 16
43 117 19
43 66 13
43 118 18
43 120 3
43 56 3
43 16 5
43 97 3
43 64 13
43 100 7
43 90 16
43 73 13
43 71 16
43 98 4
43 127 3
43 121 14
43 53 18
43 113 1
43 96 12
43 112 18
43 81 9
43 28 18
43 107 11
43 101 20
43 34 3
43 82 10
43 62 10
43 106 4
43 69 4
43 45 16
43 123 2
43 37 13
43 47 16
43 108 17
43 0 5
43 78 7
43 110 12
43 92 19
43 13 14
43 126 5
44 4 6
44 75 3
44 20 10
44 39 11
44 47 5
44 125 10
44 99 13
44 115 2
44 58 10
44 116 20
44 108 1
44 87 19
44 24 9
44 41 6
44 90 17
44 76 16
44 98 13
44 61 17
44 101 6
44 67 13
44 22 6
44 79 13
44 100 17
44 126 19
44 110 6
44 104 3
46 22 8
46 62 4
46 21 4
46 74 4
46 52 9
46 39 8
46 20 7
46 117 7
46 44 18
46 91 5
46 126 6
46 99 13
46 94 13
46 49 3
46 34 12
46 51 11
46 47 5
46 32 6
46 122 8
46 118 9
46 127 20
46 69 7
46 6 10
46 57 7
46 92 12
46 37 5
46 53 20
46 81 6
46 125 15
46 48 11
47 105 14
47 21 18
47 113 1
47 1 14
47 120 15
47 126 17
47 90 14
47 57 13
47 11 2
47 125 5
47 78 6
47 103 19
47 19 9
47 98 11
47 20 16
47 122 13
47 70 10
47 100 20
47 127 16
47 37 11
47 39 3
47 116 18
47 7 7
47 99 13
47 102 16
47 117 9
47 101 10
47 60 6
47 49 2
48 73 17
48 57 14
48 72 14
48 16 2
48 11 5
48 67 20
48 91 10
48 98 7
48 66 8
48 113 4
48 83 4
48 22 7
48 7 1
48 101 4
48 44 11
48 4 4
48 2 11
48 47 2
48 85 6
48 118 19
48 106 15
48 29 18
48 100 13
48 3 17
48 30 19
48 116 6
48 119 6
48 122 11
48 81 11
48 21 9
48 117 20
48 105 12
48 59 18
48 107 17
48 48 9
48 90 20
48 93 1
48 69 4
48 51 20
48 103 20
48 27 6
48 127 5
48 45 13
48 80 5
48 92 16
48 54 4
48 13 15
48 50 19
48 60 9
48 95 8
49 56 11
49 123 1
49 48 5
49 115 5
49 98 12
49 10 9
49 18 17
49 86 13
49 22 6
49 76 8
49 75 13
49 11 17
49 102 18
49 126 6
49 85 9
49 114 15
51 32 4
51 98 15
51 13 16
51 103 15
51 118 20
51 50 5
51 36 16
51 9 17
51 120 18
51 7 6
51 67 9
51 74 5
51 91 12
52 99 20
52 59 19
52 30 17
52 100 13
52 38 3
52 45 14
52 31 16
52 119 8
52 80 15
52 13 13
52 74 9
52 120 11
52 106 4
52 71 2
52 117 8
52 57 14
52 111 13
52 82 3
54 45 8
54 61 7
54 41 3
54 94 7
54 91 11
54 23 16
54 87 4
54 51 13
54 17 13
54 121 8
54 56 3
54 36 11
54 35 14
54 7 15
54 49 5
54 63 1
54 52 18
54 37 3
54 82 3
54 73 10
54 66 16
54 26 19
54 39 16
54 125 6
54 38 4
54 74 11
54 65 1
54 3 12
54 62 1
54 31 16
54 33 11
54 10 3
54 88 11
54 20 15
54 54 14
54 100 16
54 67 3
54 55 8
54 24 10
54 28 19
54 120 20
54 21 1
54 22 12
54 86 9
54 46 20
54 126 6
54 119 2
54 110 9
54 57 7
54 19 9
54 18 10
55 43 16
55 92 7
55 64 6
55 78 4
55 120 2
55 102 13
55 112 2
55 29 6
55 114 2
55 12 5
55 66 20
55 53 13
55 87 5
55 110 2
55 58 4
55 38 19
55 76 16
56 62 13
56 60 6
56 84 2
56 69 16
56 18 6
56 83 8
56 102 4
56 91 14
56 95 9
56 36 10
56 44 6
56 7 13
56 30 17
56 124 2
56 39 10
56 107 8
56 4 6
56 64 1
56 113 12
56 100 20
56 61 20
56 73 2
56 103 5
56 53 2
56 75 10
56 11 5
56 122 12
56 45 5
56 71 8
56 57 1
56 51 16
56 125 13
56 80 20
56 26 18
56 16 5
56 8 6
56 117 16
56 97 15
56 115 3
56 108 15
56 98 17
56 89 10
56 92 2
56 94 13
58 83 4
58 99 4
58 13 17
58 117 1
58 39 13
58 12 14
60 105 6
60 44 1
60 70 11
60 100 7
60 103 5
60 7 10
60 17 4
60 126 1
60 35 11
60 50 14
60 55 2
60 51 19
60 49 19
60 71 19
60 6 19
60 53 3
60 28 8
60 12 19
60 127 15
60 89 20
60 8 3
60 91 12
60 33 6
60 97 12
60 32 19
60 23 3
60 62 5
60 31 1
60 75 16
60 99 11
61 51 11
61 84 9
61 106 16
61 59 12
61 111 4
61 53 10
61 87 15
61 92 2
61 16 3
61 121 12
61 123 13
61 122 6
61 108 15
61 2 6
61 109 10
61 57 20
61 23 13
61 81 16
61 46 8
61 13 17
61 47 3
61 31 8
61 65 6
61 9 10
62 34 14
62 122 17
62 21 16
62 50 10
62 91 19
62 67 13
62 97 19
62 14 15
62 112 17
62 107 8
62 55 12
62 123 6
62 71 9
62 77 6
62 115 13
62 100 17
62 63 20
62 62 8
62 12 15
62 49 14
62 73 15
62 36 12
62 41 7
62 7 20
62 108 13
62 53 4
62 35 3
62 48 7
62 109 15
62 124 5
62 121 16
62 74 10
62 82 10
62 101 20
62 70 13
62 103 11
62 52 6
62 111 10
62 105 20
62 4 3
62 81 15
62 85 2
62 2 20
62 90 7
64 89 2
64 42 7
64 86 19
64 122 12
64 62 7
64 68 15
64 17 1
64 2 20
64 63 17
64 23 13
64 90 6
64 26 17
64 74 5
64 127 6
64 126 2
64 8 14
64 54 12
64 97 1
64 18 6
65 14 9
65 126 13
65 40 16
65 94 3
65 77 13
65 103 20
65 57 11
65 31 6
65 16 15
65 127 20
65 50 20
65 90 14
65 105 17
65 64 9
65 9 17
65 121 12
65 86 3
65 82 18
65 101 19
65 67 9
65 125 6
65 19 3
65 87 2
65 95 19
65 120 15
65 106 2
65 37 4
65 51 6
65 110 16
65 11 13
66 52 12
66 50 17
66 122 16
66 28 11
66 76 9
66 58 10
66 36 19
66 113 19
66 71 5
66 109 20
66 68 1
66 84 8
66 95 8
66 38 18
66 81 4
68 39 15
68 94 10
68 2 6
68 16 11
68 61 19
68 88 5
68 21 12
68 76 4
68 47 3
68 74 8
68 108 9
68 106 20
68 87 10
68 41 2
68 101 18
68 71 13
68 124 16
68 109 18
68 49 4
68 113 11
68 91 10
68 52 17
68 84 12
68 100 18
68 6 9
68 119 3
68 8 10
68 54 3
68 4 7
68 60 7
68 95 7
68 98 6
68 69 8
68 81 7
68 114 11
68 48 14
69 32 4
69 19 10
69 61 13
69 95 16
69 71 8
69 114 2
69 116 4
69 6 13
69 41 4
69 80 4
69 118 1
69 1 3
69 103 7
69 28 18
69 91 20
69 4 11
69 22 2
69 104 6
69 75 19
69 38 6
69 73 4
69 66 17
69 51 17
69 70 18
69 57 18
71 36 14
71 97 18
71 77 6
71 86 10
71 40 19
71 17 20
71 54 3
71 51 16
71 31 7
71 104 5
71 9 13
71 70 7
71 73 12
71 124 14
71 122 17
71 44 14
71 84 5
71 57 5
71 48 15
71 114 17
71 105 9
71 78 17
71 63 7
71 117 1
71 59 9
71 81 9
71 30 19
71 39 20
71 21 9
71 23 15
71 53 11
71 125 3
71 16 10
71 88 20
71 49 2
71 55 2
71 46 7
71 85 5
71 72 3
71 28 13
71 111 4
71 126 20
72 96 6
72 54 17
72 59 5
72 114 9
72 78 19
72 67 6
72 11 14
72 77 4
72 75 15
72 74 17
72 65 20
72 32 17
72 44 15
72 57 1
72 81 4
72 124 14
72 127 20
72 92 9
72 56 7
72 122 8
72 26 6
72 121 15
72 99 20
72 88 5
72 49 9
72 104 8
72 52 14
72 36 11
72 110 5
72 105 18
72 3 13
72 91 6
72 46 18
72 86 15
72 115 11
72 51 14
72 102 19
72 80 4
72 39 10
72 101 15
74 75 5
74 24 2
74 117 16
74 35 17
74 60 14
74 30 7
74 101 11
74 3 5
74 66 20
75 94 12
75 45 17
75 103 11
75 21 16
75 12 8
75 117 6
75 111 14
75 84 10
75 35 19
75 51 9
75 65 12
75 83 15
75 3 6
75 95 11
75 17 8
75 98 17
75 99 2
75 7 20
75 33 12
75 80 10
75 38 15
75 23 13
75 28 20
75 78 1
75 48 6
75 68 18
75 10 4
75 118 3
75 57 15
75 92 3
75 18 10
75 26 7
75 16 9
75 32 11
75 122 19
75 105 12
75 89 19
75 76 7
75 52 3
75 82 14
75 43 12
75 22 12
75 50 20
75 40 1
75 85 9
75 101 6
75 114 11
75 71 15
75 73 6
75 124 5
75 126 4
76 120 18
76 103 11
76 63 14
76 6 7
76 59 10
76 61 2
76 108 1
76 121 10
76 67 1
76 124 2
76 112 4
76 26 3
76 100 15
76 57 5
78 40 20
78 104 3
78 37 15
78 100 7
78 110 15
78 16 11
78 42 7
78 74 18
78 101 2
78 93 8
78 22 6
78 121 4
78 70 9
78 73 7
78 58 8
78 106 13
78 102 17
78 53 12
78 59 5
78 109 5
78 61 5
78 77 13
78 41 5
78 10 18
79 113 18
79 83 2
79 111 17
79 67 1
79 32 14
79 125 12
79 93 13
79 59 15
79 50 10
79 124 13
79 58 1
79 63 3
79 23 18
79 3 4
79 94 6
79 122 14
80 106 5
80 16 3
80 33 20
80 127 7
80 55 10
80 63 11
80 108 2
80 20 16
80 80 19
80 8 19
80 67 11
80 70 16
80 101 6
80 88 5
80 84 5
80 109 6
80 92 10
80 114 10
80 36 10
80 44 10
80 81 14
82 28 4
82 103 1
82 3 8
82 90 10
82 56 2
82 101 10
82 107 5
82 61 6
82 127 14
82 81 16
82 84 19
82 63 7
82 97 12
82 111 12
82 31 11
82 100 2
82 24 8
82 98 14
82 85 19
82 60 16
82 37 13
82 39 5
82 74 12
82 50 4
82 121 2
82 30 19
82 119 10
82 80 9
82 64 6
82 57 11
82 102 3
82 44 16
82 91 9
82 53 2
82 0 8
82 94 8
82 71 10
82 76 14
82 23 1
82 108 7
82 47 2
82 17 5
82 95 5
82 32 20
82 46 8
83 73 17
83 83 3
83 53 16
83 105 3
83 124 14
83 109 13
83 3 10
83 127 6
83 126 7
83 45 12
83 82 3
83 86 5
83 118 20
83 90 12
83 111 7
83 97 4
83 22 1
83 9 15
83 61 14
83 107 8
83 91 9
83 112 13
83 92 12
83 95 9
83 121 18
83 24 2
83 81 12
83 115 6
83 100 2
83 49 4
83 51 14
83 114 17
83 41 13
83 59 1
83 88 1
83 113 10
83 74 15
83 96 5
83 99 17
83 101 8
84 96 11
84 97 18
84 110 11
84 105 5
84 55 4
84 73 19
84 102 8
84 52 16
84 38 5
84 67 16
84 29 18
84 99 5
84 23 14
84 21 2
84 101 11
84 120 20
84 121 4
84 118 1
84 30 10
84 44 19
84 90 14
84 103 3
84 87 12
84 98 8
84 111 11
84 69 3
84 127 16
84 122 13
84 58 9
84 14 18
84 117 19
84 59 2
84 1 7
84 104 10
84 84 11
84 16 6
84 46 14
85 119 8
85 51 2
85 74 16
85 68 20
85 77 7
85 101 6
85 108 2
85 99 2
85 115 20
85 12 8
85 43 1
85 117 13
85 96 4
87 49 5
87 94 4
87 117 18
87 99 10
89 46 8
89 29 1
89 45 8
89 39 19
89 41 20
89 34 15
89 67 13
89 58 1
89 109 5
89 32 11
89 125 2
89 94 17
89 104 4
89 122 1
89 114 15
89 117 10
89 54 13
89 110 19
89 77 11
89 13 6
89 113 7
89 44 15
89 3 18
89 43 6
89 50 15
89 36 20
89 99 3
89 84 8
89 96 13
89 81 18
89 10 2
89 53 18
91 57 16
91 87 15
91 89 13
91 53 3
91 47 11
91 102 1
91 64 9
91 12 15
91 99 6
91 106 3
91 24 6
91 58 5
91 26 7
91 108 19
91 55 6
91 10 4
91 37 16
91 3 12
91 71 20
91 78 15
91 45 3
92 84 1
92 6 1
92 62 4
92 119 9
92 101 15
92 111 5
92 12 9
92 64 20
92 54 10
92 28 20
92 57 1
92 81 1
92 74 3
92 63 20
93 76 5
93 117 12
93 90 20
93 111 11
93 31 17
93 53 17
93 126 7
93 81 4
95 50 12
95 105 2
95 9 1
95 34 8
95 123 9
95 115 18
95 59 2
95 63 11
95 58 14
95 114 14
95 122 8
95 113 3
95 121 15
95 64 3
95 81 20
95 19 7
95 106 7
95 90 18
95 60 12
95 109 6
95 54 19
95 12 19
95 102 5
95 94 16
95 100 19
96 8 11
96 111 6
96 73 15
96 101 16
96 118 10
96 52 2
96 119 13
96 7 9
96 6 14
96 127 2
96 37 17
99 65 4
99 59 15
99 123 9
99 37 17
99 2 10
99 10 4
99 24 12
99 92 16
99 30 11
99 77 12
99 110 6
99 117 5
99 57 1
99 63 8
99 109 12
99 115 19
99 94 8
99 119 3
99 113 20
99 127 7
99 0 8
99 97 17
99 102 4
101 51 9
101 16 2
101 112 5
101 116 9
101 121 5
101 100 2
101 39 3
101 102 11
101 123 1
101 86 8
101 6 6
101 110 13
101 60 13
101 90 6
101 114 7
102 61 12
102 100 17
102 60 20
102 103 17
102 63 8
102 0 6
102 119 18
102 43 2
102 3 2
102 109 19
102 85 14
102 42 9
102 24 13
102 69 11
102 127 5
102 77 6
102 45 19
102 107 6
102 9 17
102 76 10
102 123 8
102 58 8
102 125 16
102 87 19
102 65 16
103 67 11
103 83 6
103 78 20
103 6 19
103 114 14
103 100 1
103 93 1
103 122 19
103 73 14
103 26 20
103 9 2
103 116 19
103 2 8
103 58 6
103 85 17
103 57 4
103 33 20
103 50 7
103 103 20
103 96 8
103 98 13
103 94 8
103 92 1
103 119 19
103 7 7
103 16 13
103 53 10
103 44 7
103 105 8
103 86 10
103 95 13
103 29 20
103 64 15
103 32 18
103 120 9
103 112 10
103 28 19
104 4 11
104 87 10
104 94 2
104 47 14
104 60 19
104 121 14
104 77 4
104 108 12
104 40 12
104 103 13
104 102 11
104 100 13
104 49 2
104 6 20
104 120 17
104 57 13
104 85 17
104 90 14
104 62 6
104 37 19
104 119 2
104 2 11
104 92 14
104 122 3
104 45 18
104 16 3
104 80 17
104 109 5
106 94 8
106 113 2
106 100 15
106 118 8
106 37 8
106 55 4
106 104 15
108 117 1
108 17 5
109 58 18
109 105 16
109 115 11
109 2 12
109 76 2
109 44 17
109 100 19
109 67 12
111 26 11
111 29 14
111 55 5
111 21 5
111 39 2
111 88 9
111 12 12
111 118 13
111 127 18
111 110 15
111 7 18
111 86 12
111 2 3
111 122 8
111 95 2
111 94 12
111 9 18
111 70 16
111 53 18
111 114 3
111 30 8
111 108 13
111 90 18
111 51 9
111 38 12
111 117 4
111 124 12
111 65 16
111 103 9
111 85 2
111 99 4
111 63 9
111 74 7
111 11 3
111 105 8
111 34 7
111 112 13
111 57 2
113 22 20
113 116 12
113 109 1
113 45 6
113 74 5
113 13 1
113 27 7
113 18 8
113 51 8
113 38 3
113 123 8
113 104 15
113 117 7
113 122 16
113 100 6
113 30 14
113 110 3
113 59 10
113 50 8
113 81 1
113 24 17
113 28 6
113 63 11
113 55 8
113 111 5
113 87 15
113 57 8
113 78 19
113 82 20
113 86 13
113 8 13
113 9 12
113 52 7
113 91 12
113 41 20
113 108 18
113 46 1
113 102 20
113 17 19
115 9 14
115 45 7
115 81 14
115 80 15
115 110 9
115 86 20
115 20 10
115 34 9
115 123 5
115 24 15
115 12 7
115 119 14
115 6 1
115 126 10
115 59 14
115 118 7
115 84 7
115 68 7
115 2 8
115 74 11
115 73 12
115 21 5
115 121 8
115 46 8
115 38 6
115 94 3
115 57 1
115 1 16
116 119 20
116 97 10
116 70 7
116 0 4
116 87 19
116 33 16
116 125 20
116 76 4
116 115 13
116 88 6
116 6 18
116 58 10
116 95 8
116 63 17
116 126 2
116 11 16
116 104 17
116 81 14
116 68 5
116 92 17
116 108 16
116 50 16
116 38 5
116 82 7
116 96 6
116 23 5
116 99 11
116 127 16
116 14 8
118 87 9
118 52 3
118 122 16
118 95 9
118 127 19
118 90 14
118 30 1
118 125 14
118 60 13
118 58 3
118 109 9
118 121 17
118 73 7
118 113 4
118 37 6
118 36 12
119 83 4
119 7 5
119 40 3
119 43 10
119 94 19
119 108 10
119 60 4
119 67 3
119 121 11
119 120 5
119 3 10
119 37 17
119 81 17
119 24 1
119 18 9
119 88 13
119 123 19
119 113 1
119 29 12
119 109 10
119 126 7
119 74 15
119 62 8
119 124 11
119 110 9
119 125 4
119 17 6
119 78 15
119 33 15
119 38 5
119 22 4
119 105 15
119 64 17
119 93 14
119 112 11
121 87 10
121 37 12
121 11 16
121 45 10
121 21 5
121 35 16
121 59 3
121 124 9
121 96 11
121 63 7
123 46 8
123 117 12
123 111 14
123 90 3
123 16 8
123 124 7
123 87 14
123 98 6
123 59 12
123 74 13
123 36 6
123 33 19
123 76 12
123 100 18
123 118 11
123 12 8
123 72 11
123 21 14
123 80 17
123 73 4
123 125 5
123 22 6
123 108 1
123 60 3
123 57 14
123 45 16
123 28 20
123 18 17
123 51 5
123 103 9
123 109 3
123 84 7
123 81 11
123 17 17
123 58 4
123 83 18
123 77 2
123 66 19
123 69 15
123 116 20
123 35 7
124 6 18
124 70 18
124 114 3
124 66 1
124 64 5
124 67 17
124 112 16
124 57 1
124 100 3
124 97 17
124 40 7
124 30 3
124 42 17
124 106 2
124 96 19
124 98 16
124 3 2
124 109 5
124 74 1
124 86 15
124 58 12
124 125 8
124 87 8
124 7 16
124 59 7
124 43 9
124 90 5
124 73 15
124 80 15
124 127 12
124 104 2
124 28 14
124 107 19
124 1 11
124 33 2
125 78 15
125 86 4
125 94 9
125 60 9
126 16 7
126 23 18
126 104 6
