(0, 1 no exist)
(0,14,16,13,2 22)
(0,14,16,13,3 29)
(0,14,4 31)
(0,14,16,13,3,5 66)
(0,14,16,13,3,6 45)
(0, 7 no exist)
(0,14,16,13,3,6,8 50)
(0,14,4,9 37)
(0, 10 no exist)
(0,14,4,9,25,11 39)
(0,14,16,22,19,18,24,12 69)
(0,14,16,13 22)
(0,14 5)
(0,14,4,9,25,11,21,15 52)
(0,14,16 18)
(0,14,16,13,3,6,8,17 84)
(0,14,16,22,19,18 45)
(0,14,16,22,19 37)
(0, 20 no exist)
(0,14,4,9,25,11,21 49)
(0,14,16,22 35)
(0,14,4,9,25,11,21,15,23 58)
(0,14,16,22,19,18,24 60)
(0,14,4,9,25 37)
(0, 26 no exist)
(1,9,25,11,21,15,18,24,12,19,0 130)
(1,9,25,11,21,2 47)
(1,9,25,3 57)
(1,9,25,11,21,15,18,14,4 103)
(1,9,25,11,21,15,18,24,12,5 91)
(1,9,25,3,6 73)
(1, 7 no exist)
(1,9,25,3,6,8 78)
(1,9 34)
(1,26,10 64)
(1,9,25,11 36)
(1,9,25,11,21,15,18,24,12 89)
(1,9,25,11,21,15,18,14,16,13 94)
(1,9,25,11,21,15,18,14 77)
(1,9,25,11,21,15 49)
(1,9,25,11,21,15,18,14,16 90)
(1,26,17 63)
(1,9,25,11,21,15,18 65)
(1,9,25,11,21,15,18,24,12,19 104)
(1, 20 no exist)
(1,9,25,11,21 46)
(1,9,25,11,21,15,18,14,16,22 107)
(1,9,25,11,21,15,23 55)
(1,9,25,11,21,15,18,24 80)
(1,9,25 34)
(1,26 16)
(2,11,21,15,18,24,12,19,0 119)
(2, 1 no exist)
(2,11,21,15,18,14,16,13,3 90)
(2,11,21,15,18,14,4 92)
(2,11,21,15,18,24,12,5 80)
(2,11,21,15,18,14,16,13,3,6 106)
(2, 7 no exist)
(2,11,21,15,18,14,16,13,3,6,8 111)
(2,11,21,15,18,14,4,9 98)
(2, 10 no exist)
(2,11 25)
(2,11,21,15,18,24,12 78)
(2,11,21,15,18,14,16,13 83)
(2,11,21,15,18,14 66)
(2,11,21,15 38)
(2,11,21,15,18,14,16 79)
(2,11,21,15,23,17 83)
(2,11,21,15,18 54)
(2,11,21,15,18,24,12,19 93)
(2, 20 no exist)
(2,11,21 35)
(2,11,21,15,18,14,16,22 96)
(2,11,21,15,23 44)
(2,11,21,15,18,24 69)
(2,11,21,15,18,14,4,9,25 98)
(2, 26 no exist)
(3,6,16,22,19,0 91)
(3, 1 no exist)
(3,6,16,13,2 50)
(3,6,16,22,19,18,14,4 111)
(3,5 37)
(3,6 16)
(3, 7 no exist)
(3,6,8 21)
(3,6,16,22,19,18,14,4,9 117)
(3, 10 no exist)
(3,6,16,13,2,11 75)
(3,5,24,12 72)
(3,6,16,13 50)
(3,6,16,22,19,18,14 85)
(3,5,24,21,15 69)
(3,6,16 46)
(3,6,8,17 55)
(3,6,16,22,19,18 73)
(3,6,16,22,19 65)
(3, 20 no exist)
(3,5,24,21 66)
(3,6,16,22 63)
(3,5,24,21,15,23 75)
(3,5,24 63)
(3,6,16,22,19,18,14,4,9,25 117)
(3, 26 no exist)
(4,9,25,11,21,15,18,24,12,19,0 102)
(4, 1 no exist)
(4,9,25,11,21,2 19)
(4,9,25,3 29)
(4,9,25,11,21,15,18,24,12,5 63)
(4,9,25,3,6 45)
(4, 7 no exist)
(4,8 33)
(4,9 6)
(4, 10 no exist)
(4,9,25,11 8)
(4,9,25,11,21,15,18,24,12 61)
(4,9,25,11,21,15,18,14,16,13 66)
(4,9,25,11,21,15,18,14 49)
(4,9,25,11,21,15 21)
(4,9,25,11,21,15,18,14,16 62)
(4,9,25,11,21,15,23,17 66)
(4,9,25,11,21,15,18 37)
(4,9,25,11,21,15,18,24,12,19 76)
(4, 20 no exist)
(4,9,25,11,21 18)
(4,9,25,11,21,15,18,14,16,22 79)
(4,9,25,11,21,15,23 27)
(4,9,25,11,21,15,18,24 52)
(4,9,25 6)
(4, 26 no exist)
(5,24,12,19,0 76)
(5, 1 no exist)
(5,24,21,2 30)
(5,18,14,16,13,3 73)
(5,18,14,4 75)
(5,18,14,16,13,3,6 89)
(5, 7 no exist)
(5,18,14,16,13,3,6,8 94)
(5,18,14,4,9 81)
(5, 10 no exist)
(5,24,21,2,11 55)
(5,24,12 35)
(5,18,14,16,13 66)
(5,18,14 49)
(5,24,21,15 32)
(5,18,14,16 62)
(5,24,21,15,23,17 77)
(5,18 37)
(5,24,12,19 50)
(5, 20 no exist)
(5,24,21 29)
(5,18,14,16,22 79)
(5,24,21,15,23 38)
(5,24 26)
(5,18,14,4,9,25 81)
(5, 26 no exist)
(6,16,22,19,0 75)
(6, 1 no exist)
(6,16,13,2 34)
(6,16,13,3 41)
(6,16,22,19,18,14,4 95)
(6,16,13,3,5 78)
(6, 7 no exist)
(6,8 5)
(6,16,22,19,18,14,4,9 101)
(6, 10 no exist)
(6,16,13,2,11 59)
(6,16,22,19,18,24,12 81)
(6,16,13 34)
(6,16,22,19,18,14 69)
(6,16,13,2,11,21,15 72)
(6,16 30)
(6,8,17 39)
(6,16,22,19,18 57)
(6,16,22,19 49)
(6, 20 no exist)
(6,16,13,2,11,21 69)
(6,16,22 47)
(6,16,13,2,11,21,15,23 78)
(6,16,22,19,18,24 72)
(6,16,22,19,18,14,4,9,25 101)
(6, 26 no exist)
(7,20,25,11,21,15,18,24,12,19,0 128)
(7, 1 no exist)
(7,2 12)
(7,20,25,3 55)
(7,20,25,11,21,15,18,14,4 101)
(7,20,25,11,21,15,18,24,12,5 89)
(7,20,25,3,6 71)
(7,20,25,3,6,8 76)
(7,20,25,11,21,15,18,14,4,9 107)
(7,20,26,10 91)
(7,20,25,11 34)
(7,20,25,11,21,15,18,24,12 87)
(7,20,25,11,21,15,18,14,16,13 92)
(7,20,25,11,21,15,18,14 75)
(7,20,25,11,21,15 47)
(7,20,25,11,21,15,18,14,16 88)
(7,20,26,17 90)
(7,20,25,11,21,15,18 63)
(7,20,25,11,21,15,18,24,12,19 102)
(7,20 0)
(7,20,25,11,21 44)
(7,20,25,11,21,15,18,14,16,22 105)
(7,20,25,11,21,15,23 53)
(7,20,25,11,21,15,18,24 78)
(7,20,25 32)
(7,20,26 43)
(8,6,16,22,19,0 97)
(8, 1 no exist)
(8,6,16,13,2 56)
(8,6,16,13,3 63)
(8,17,14,4 99)
(8,6,16,13,3,5 100)
(8,6 22)
(8, 7 no exist)
(8,17,14,4,9 105)
(8, 10 no exist)
(8,6,16,13,2,11 81)
(8,6,16,22,19,18,24,12 103)
(8,6,16,13 56)
(8,17,14 73)
(8,6,16,13,2,11,21,15 94)
(8,6,16 52)
(8,17 34)
(8,6,16,22,19,18 79)
(8,6,16,22,19 71)
(8, 20 no exist)
(8,6,16,13,2,11,21 91)
(8,6,16,22 69)
(8,6,16,13,2,11,21,15,23 100)
(8,6,16,22,19,18,24 94)
(8,17,14,4,9,25 105)
(8, 26 no exist)
(9,25,11,21,15,18,24,12,19,0 96)
(9, 1 no exist)
(9,25,11,21,2 13)
(9,25,3 23)
(9,25,11,21,15,18,14,4 69)
(9,25,11,21,15,18,24,12,5 57)
(9,25,3,6 39)
(9, 7 no exist)
(9,25,3,6,8 44)
(9, 10 no exist)
(9,25,11 2)
(9,25,11,21,15,18,24,12 55)
(9,25,11,21,15,18,14,16,13 60)
(9,25,11,21,15,18,14 43)
(9,25,11,21,15 15)
(9,25,11,21,15,18,14,16 56)
(9,25,11,21,15,23,17 60)
(9,25,11,21,15,18 31)
(9,25,11,21,15,18,24,12,19 70)
(9, 20 no exist)
(9,25,11,21 12)
(9,25,11,21,15,18,14,16,22 73)
(9,25,11,21,15,23 21)
(9,25,11,21,15,18,24 46)
(9,25 0)
(9, 26 no exist)
(10,15,18,24,12,19,0 104)
(10, 1 no exist)
(10,2 39)
(10,15,18,14,16,13,3 75)
(10,15,18,14,4 77)
(10,15,18,24,12,5 65)
(10,15,18,14,16,13,3,6 91)
(10, 7 no exist)
(10,15,18,14,16,13,3,6,8 96)
(10,15,18,14,4,9 83)
(10,2,11 64)
(10,15,18,24,12 63)
(10,15,18,14,16,13 68)
(10,15,18,14 51)
(10,15 23)
(10,15,18,14,16 64)
(10,15,23,17 68)
(10,15,18 39)
(10,15,18,24,12,19 78)
(10, 20 no exist)
(10,15,18,24,21 57)
(10,15,18,14,16,22 81)
(10,15,23 29)
(10,15,18,24 54)
(10,15,18,14,4,9,25 83)
(10, 26 no exist)
(11,21,15,18,24,12,19,0 94)
(11, 1 no exist)
(11,21,2 11)
(11,21,15,18,14,16,13,3 65)
(11,21,15,18,14,4 67)
(11,21,15,18,24,12,5 55)
(11,21,15,18,14,16,13,3,6 81)
(11, 7 no exist)
(11,21,15,18,14,16,13,3,6,8 86)
(11,21,15,18,14,4,9 73)
(11, 10 no exist)
(11,21,15,18,24,12 53)
(11,21,15,18,14,16,13 58)
(11,21,15,18,14 41)
(11,21,15 13)
(11,21,15,18,14,16 54)
(11,21,15,23,17 58)
(11,21,15,18 29)
(11,21,15,18,24,12,19 68)
(11, 20 no exist)
(11,21 10)
(11,21,15,18,14,16,22 71)
(11,21,15,23 19)
(11,21,15,18,24 44)
(11,21,15,18,14,4,9,25 73)
(11, 26 no exist)
(12,19,0 41)
(12, 1 no exist)
(12,5,24,21,2 32)
(12,19,18,14,16,13,3 59)
(12,19,18,14,4 61)
(12,5 2)
(12,19,18,14,16,13,3,6 75)
(12, 7 no exist)
(12,19,18,14,16,13,3,6,8 80)
(12,19,18,14,4,9 67)
(12, 10 no exist)
(12,5,24,21,2,11 57)
(12,19,18,14,16,13 52)
(12,19,18,14 35)
(12,5,24,21,15 34)
(12,19,18,14,16 48)
(12,5,24,21,15,23,17 79)
(12,19,18 23)
(12,19 15)
(12, 20 no exist)
(12,5,24,21 31)
(12,19,18,14,16,22 65)
(12,5,24,21,15,23 40)
(12,5,24 28)
(12,19,18,14,4,9,25 67)
(12, 26 no exist)
(13,3,6,16,22,19,0 98)
(13, 1 no exist)
(13,2 0)
(13,3 7)
(13,2,11,21,15,18,14,4 92)
(13,3,5 44)
(13,3,6 23)
(13, 7 no exist)
(13,3,6,8 28)
(13,2,11,21,15,18,14,4,9 98)
(13, 10 no exist)
(13,2,11 25)
(13,2,11,21,15,18,24,12 78)
(13,2,11,21,15,18,14 66)
(13,2,11,21,15 38)
(13,3,6,16 53)
(13,3,6,8,17 62)
(13,2,11,21,15,18 54)
(13,3,6,16,22,19 72)
(13, 20 no exist)
(13,2,11,21 35)
(13,3,6,16,22 70)
(13,2,11,21,15,23 44)
(13,2,11,21,15,18,24 69)
(13,2,11,21,15,18,14,4,9,25 98)
(13, 26 no exist)
(14,16,22,19,0 58)
(14, 1 no exist)
(14,16,13,2 17)
(14,16,13,3 24)
(14,4 26)
(14,16,13,3,5 61)
(14,16,13,3,6 40)
(14, 7 no exist)
(14,16,13,3,6,8 45)
(14,4,9 32)
(14, 10 no exist)
(14,4,9,25,11 34)
(14,16,22,19,18,24,12 64)
(14,16,13 17)
(14,4,9,25,11,21,15 47)
(14,16 13)
(14,16,13,3,6,8,17 79)
(14,16,22,19,18 40)
(14,16,22,19 32)
(14, 20 no exist)
(14,4,9,25,11,21 44)
(14,16,22 30)
(14,4,9,25,11,21,15,23 53)
(14,16,22,19,18,24 55)
(14,4,9,25 32)
(14, 26 no exist)
(15,18,24,12,19,0 81)
(15, 1 no exist)
(15,18,24,21,2 35)
(15,18,14,16,13,3 52)
(15,18,14,4 54)
(15,18,24,12,5 42)
(15,18,14,16,13,3,6 68)
(15, 7 no exist)
(15,18,14,16,13,3,6,8 73)
(15,18,14,4,9 60)
(15, 10 no exist)
(15,23,11 55)
(15,18,24,12 40)
(15,18,14,16,13 45)
(15,18,14 28)
(15,18,14,16 41)
(15,23,17 45)
(15,18 16)
(15,18,24,12,19 55)
(15, 20 no exist)
(15,18,24,21 34)
(15,18,14,16,22 58)
(15,23 6)
(15,18,24 31)
(15,18,14,4,9,25 60)
(15, 26 no exist)
(16,22,19,0 45)
(16, 1 no exist)
(16,13,2 4)
(16,13,3 11)
(16,22,19,18,14,4 65)
(16,13,3,5 48)
(16,13,3,6 27)
(16, 7 no exist)
(16,13,3,6,8 32)
(16,22,19,18,14,4,9 71)
(16, 10 no exist)
(16,13,2,11 29)
(16,22,19,18,24,12 51)
(16,13 4)
(16,22,19,18,14 39)
(16,13,2,11,21,15 42)
(16,13,3,6,8,17 66)
(16,22,19,18 27)
(16,22,19 19)
(16, 20 no exist)
(16,13,2,11,21 39)
(16,22 17)
(16,13,2,11,21,15,23 48)
(16,22,19,18,24 42)
(16,22,19,18,14,4,9,25 71)
(16, 26 no exist)
(17,14,16,22,19,0 97)
(17, 1 no exist)
(17,14,16,13,2 56)
(17,14,16,13,3 63)
(17,14,4 65)
(17,14,16,13,3,5 100)
(17,6 43)
(17, 7 no exist)
(17,6,8 48)
(17,14,4,9 71)
(17, 10 no exist)
(17,14,4,9,25,11 73)
(17,14,16,22,19,18,24,12 103)
(17,14,16,13 56)
(17,14 39)
(17,14,4,9,25,11,21,15 86)
(17,14,16 52)
(17,14,16,22,19,18 79)
(17,14,16,22,19 71)
(17, 20 no exist)
(17,14,4,9,25,11,21 83)
(17,14,16,22 69)
(17,14,4,9,25,11,21,15,23 92)
(17,14,16,22,19,18,24 94)
(17,14,4,9,25 71)
(17, 26 no exist)
(18,24,12,19,0 65)
(18, 1 no exist)
(18,24,21,2 19)
(18,14,16,13,3 36)
(18,14,4 38)
(18,24,12,5 26)
(18,14,16,13,3,6 52)
(18, 7 no exist)
(18,14,16,13,3,6,8 57)
(18,14,4,9 44)
(18, 10 no exist)
(18,24,21,2,11 44)
(18,24,12 24)
(18,14,16,13 29)
(18,14 12)
(18,24,21,15 21)
(18,14,16 25)
(18,24,21,15,23,17 66)
(18,24,12,19 39)
(18, 20 no exist)
(18,24,21 18)
(18,14,16,22 42)
(18,24,21,15,23 27)
(18,24 15)
(18,14,4,9,25 44)
(18, 26 no exist)
(19,0 26)
(19, 1 no exist)
(19,18,24,21,2 27)
(19,18,14,16,13,3 44)
(19,18,14,4 46)
(19,18,24,12,5 34)
(19,18,14,16,13,3,6 60)
(19, 7 no exist)
(19,18,14,16,13,3,6,8 65)
(19,18,14,4,9 52)
(19, 10 no exist)
(19,18,24,21,2,11 52)
(19,18,24,12 32)
(19,18,14,16,13 37)
(19,18,14 20)
(19,18,24,21,15 29)
(19,18,14,16 33)
(19,18,24,21,15,23,17 74)
(19,18 8)
(19, 20 no exist)
(19,18,24,21 26)
(19,18,14,16,22 50)
(19,18,24,21,15,23 35)
(19,18,24 23)
(19,18,14,4,9,25 52)
(19, 26 no exist)
(20,25,11,21,15,18,24,12,19,0 128)
(20, 1 no exist)
(20,25,11,21,2 45)
(20,25,3 55)
(20,25,11,21,15,18,14,4 101)
(20,25,11,21,15,18,24,12,5 89)
(20,25,3,6 71)
(20, 7 no exist)
(20,25,3,6,8 76)
(20,25,11,21,15,18,14,4,9 107)
(20,26,10 91)
(20,25,11 34)
(20,25,11,21,15,18,24,12 87)
(20,25,11,21,15,18,14,16,13 92)
(20,25,11,21,15,18,14 75)
(20,25,11,21,15 47)
(20,25,11,21,15,18,14,16 88)
(20,26,17 90)
(20,25,11,21,15,18 63)
(20,25,11,21,15,18,24,12,19 102)
(20,25,11,21 44)
(20,25,11,21,15,18,14,16,22 105)
(20,25,11,21,15,23 53)
(20,25,11,21,15,18,24 78)
(20,25 32)
(20,26 43)
(21,15,18,24,12,19,0 84)
(21, 1 no exist)
(21,2 1)
(21,15,18,14,16,13,3 55)
(21,15,18,14,4 57)
(21,15,18,24,12,5 45)
(21,15,18,14,16,13,3,6 71)
(21, 7 no exist)
(21,15,18,14,16,13,3,6,8 76)
(21,15,18,14,4,9 63)
(21, 10 no exist)
(21,2,11 26)
(21,15,18,24,12 43)
(21,15,18,14,16,13 48)
(21,15,18,14 31)
(21,15 3)
(21,15,18,14,16 44)
(21,15,23,17 48)
(21,15,18 19)
(21,15,18,24,12,19 58)
(21, 20 no exist)
(21,15,18,14,16,22 61)
(21,15,23 9)
(21,15,18,24 34)
(21,15,18,14,4,9,25 63)
(21, 26 no exist)
(22,19,0 28)
(22, 1 no exist)
(22,19,18,24,21,2 29)
(22,3 30)
(22,19,18,14,4 48)
(22,19,18,24,12,5 36)
(22,3,6 46)
(22, 7 no exist)
(22,3,6,8 51)
(22,19,18,14,4,9 54)
(22, 10 no exist)
(22,19,18,24,21,2,11 54)
(22,19,18,24,12 34)
(22,19,18,14,16,13 39)
(22,19,18,14 22)
(22,19,18,24,21,15 31)
(22,19,18,14,16 35)
(22,19,18,24,21,15,23,17 76)
(22,19,18 10)
(22,19 2)
(22, 20 no exist)
(22,19,18,24,21 28)
(22,19,18,24,21,15,23 37)
(22,19,18,24 25)
(22,19,18,14,4,9,25 54)
(22, 26 no exist)
(23,17,14,16,22,19,0 136)
(23, 1 no exist)
(23,11,21,2 60)
(23,17,14,16,13,3 102)
(23,17,14,4 104)
(23,11,21,15,18,24,12,5 104)
(23,17,6 82)
(23, 7 no exist)
(23,17,6,8 87)
(23,17,14,4,9 110)
(23, 10 no exist)
(23,11 49)
(23,11,21,15,18,24,12 102)
(23,17,14,16,13 95)
(23,17,14 78)
(23,11,21,15 62)
(23,17,14,16 91)
(23,17 39)
(23,11,21,15,18 78)
(23,17,14,16,22,19 110)
(23, 20 no exist)
(23,11,21 59)
(23,17,14,16,22 108)
(23,11,21,15,18,24 93)
(23,17,14,4,9,25 110)
(23, 26 no exist)
(24,12,19,0 50)
(24, 1 no exist)
(24,21,2 4)
(24,21,15,18,14,16,13,3 58)
(24,21,15,18,14,4 60)
(24,12,5 11)
(24,21,15,18,14,16,13,3,6 74)
(24, 7 no exist)
(24,21,15,18,14,16,13,3,6,8 79)
(24,21,15,18,14,4,9 66)
(24, 10 no exist)
(24,21,2,11 29)
(24,12 9)
(24,21,15,18,14,16,13 51)
(24,21,15,18,14 34)
(24,21,15 6)
(24,21,15,18,14,16 47)
(24,21,15,23,17 51)
(24,21,15,18 22)
(24,12,19 24)
(24, 20 no exist)
(24,21 3)
(24,21,15,18,14,16,22 64)
(24,21,15,23 12)
(24,21,15,18,14,4,9,25 66)
(24, 26 no exist)
(25,11,21,15,18,24,12,19,0 96)
(25, 1 no exist)
(25,11,21,2 13)
(25,3 23)
(25,11,21,15,18,14,4 69)
(25,11,21,15,18,24,12,5 57)
(25,3,6 39)
(25, 7 no exist)
(25,3,6,8 44)
(25,11,21,15,18,14,4,9 75)
(25, 10 no exist)
(25,11 2)
(25,11,21,15,18,24,12 55)
(25,11,21,15,18,14,16,13 60)
(25,11,21,15,18,14 43)
(25,11,21,15 15)
(25,11,21,15,18,14,16 56)
(25,11,21,15,23,17 60)
(25,11,21,15,18 31)
(25,11,21,15,18,24,12,19 70)
(25, 20 no exist)
(25,11,21 12)
(25,11,21,15,18,14,16,22 73)
(25,11,21,15,23 21)
(25,11,21,15,18,24 46)
(25, 26 no exist)
(26,17,14,16,22,19,0 144)
(26, 1 no exist)
(26,10,2 87)
(26,17,14,16,13,3 110)
(26,17,14,4 112)
(26,10,15,18,24,12,5 113)
(26,17,6 90)
(26, 7 no exist)
(26,17,6,8 95)
(26,17,14,4,9 118)
(26,10 48)
(26,10,2,11 112)
(26,10,15,18,24,12 111)
(26,17,14,16,13 103)
(26,17,14 86)
(26,10,15 71)
(26,17,14,16 99)
(26,17 47)
(26,10,15,18 87)
(26,17,14,16,22,19 118)
(26, 20 no exist)
(26,10,15,18,24,21 105)
(26,17,14,16,22 116)
(26,10,15,23 77)
(26,10,15,18,24 102)
(26,17,14,4,9,25 118)
