the whole cost is 107
0 26 1
1 34 1
36 56 1
6 1 1
33 8 1
12 3 1
14 13 1
31 44 1
12 5 1
0 4 1
1 48 1
5 24 1
12 48 1
12 33 1
29 60 1
28 14 1
11 63 1
11 48 1
25 16 1
57 34 1
57 10 1
3 26 1
22 32 1
55 63 1
55 21 1
55 62 1
22 54 1
52 46 1
51 10 1
51 46 1
39 25 1
40 17 1
41 32 1
41 3 1
18 48 2
39 58 2
37 61 2
37 46 2
1 50 2
15 47 2
15 52 2
36 55 2
36 60 2
14 1 2
6 42 2
29 31 2
5 53 2
27 28 2
57 38 2
51 17 2
45 11 2
0 30 2
7 30 3
16 23 3
36 43 3
36 20 3
5 39 3
45 49 3
19 4 3
2 14 4
35 3 4
0 59 4
9 37 4
