the whole cost is 512
1 223 1
1 154 1
2 299 1
4 267 1
8 351 1
14 304 1
15 292 1
65 165 1
65 247 1
136 184 1
320 356 1
320 322 1
320 57 1
320 433 1
136 210 1
319 465 1
136 419 1
136 294 1
319 201 1
319 44 1
319 386 1
319 168 1
319 184 1
64 299 1
135 153 1
136 295 1
319 90 1
319 185 1
319 108 1
319 266 1
135 113 1
135 427 1
135 433 1
135 484 1
135 390 1
319 165 1
319 501 1
14 457 1
134 416 1
134 280 1
134 269 1
134 198 1
318 204 1
318 127 1
318 228 1
318 472 1
318 402 1
31 41 1
64 212 1
133 170 1
316 256 1
316 85 1
133 316 1
133 220 1
316 211 1
64 238 1
64 270 1
316 297 1
133 443 1
316 373 1
14 341 1
14 199 1
14 425 1
31 233 1
315 444 1
315 291 1
133 442 1
315 56 1
315 57 1
31 71 1
132 306 1
31 159 1
132 51 1
132 149 1
63 157 1
64 354 1
132 65 1
315 226 1
313 309 1
64 340 1
312 46 1
312 372 1
132 302 1
312 459 1
312 197 1
312 69 1
311 266 1
311 228 1
31 341 1
31 292 1
31 100 1
63 458 1
131 357 1
311 109 1
311 196 1
311 376 1
31 39 1
63 100 1
311 469 1
63 364 1
131 508 1
131 327 1
311 273 1
310 336 1
310 321 1
310 327 1
310 422 1
310 505 1
63 51 1
131 250 1
310 294 1
310 343 1
310 209 1
131 222 1
310 479 1
307 219 1
307 243 1
130 436 1
130 77 1
130 465 1
307 126 1
307 116 1
307 368 1
307 321 1
7 328 1
14 258 1
63 429 1
130 502 1
130 3 1
307 466 1
129 495 1
128 432 1
306 455 1
63 104 1
127 293 1
128 202 1
306 58 1
306 503 1
306 297 1
127 401 1
305 398 1
305 220 1
305 452 1
305 6 1
305 225 1
14 383 1
14 412 1
305 140 1
304 313 1
304 417 1
304 284 1
304 226 1
304 333 1
30 52 1
63 332 1
63 434 1
63 205 1
126 49 1
126 166 1
303 487 1
303 470 1
126 406 1
126 72 1
14 252 1
30 306 1
125 501 1
303 478 1
303 463 1
302 314 1
62 184 1
62 312 1
125 474 1
62 338 1
125 70 1
125 178 1
124 161 1
301 247 1
301 270 1
301 450 1
300 285 1
301 255 1
300 289 1
29 380 1
124 126 1
299 97 1
124 476 1
124 448 1
62 351 1
299 323 1
299 274 1
299 391 1
60 286 1
62 122 1
298 173 1
298 387 1
123 472 1
298 488 1
298 98 1
298 150 1
2 414 1
14 143 1
29 199 1
29 439 1
29 378 1
60 200 1
298 7 1
296 496 1
123 50 1
123 232 1
296 438 1
296 302 1
296 24 1
295 375 1
295 34 1
59 463 1
60 317 1
60 102 1
123 437 1
123 488 1
295 470 1
295 367 1
59 119 1
59 188 1
294 146 1
294 53 1
294 334 1
294 428 1
294 363 1
294 118 1
122 360 1
294 236 1
29 183 1
59 394 1
122 48 1
122 242 1
122 500 1
293 229 1
293 103 1
293 495 1
293 423 1
293 154 1
122 329 1
59 213 1
122 230 1
292 388 1
291 365 1
291 172 1
121 442 1
121 253 1
291 353 1
121 432 1
58 435 1
58 286 1
121 40 1
291 237 1
291 88 1
291 421 1
121 400 1
288 188 1
287 341 1
287 156 1
3 392 1
4 74 1
29 82 1
120 451 1
120 4 1
284 117 1
284 371 1
28 284 1
118 366 1
118 283 1
118 282 1
56 359 1
14 195 1
14 403 1
56 101 1
117 105 1
281 44 1
117 382 1
280 35 1
117 12 1
117 272 1
280 178 1
280 424 1
280 251 1
116 147 1
280 493 1
13 325 1
27 415 1
279 128 1
116 189 1
116 10 1
116 342 1
116 203 1
279 4 1
279 240 1
279 276 1
275 259 1
275 484 1
275 36 1
26 500 1
55 127 1
116 254 1
273 110 1
55 511 1
273 491 1
54 426 1
114 441 1
271 333 1
271 158 1
272 115 1
1 498 1
6 277 1
54 452 1
114 443 1
114 42 1
112 331 1
269 510 1
13 172 1
111 199 1
111 261 1
269 418 1
269 467 1
269 190 1
268 342 1
268 221 1
54 407 1
111 11 1
268 413 1
268 326 1
54 379 1
111 473 1
268 415 1
268 78 1
268 408 1
267 361 1
267 23 1
266 141 1
266 151 1
266 155 1
26 337 1
52 348 1
265 229 1
264 42 1
110 152 1
109 217 1
109 67 1
264 218 1
262 483 1
25 31 1
108 177 1
51 497 1
261 162 1
51 446 1
108 389 1
259 345 1
258 330 1
25 193 1
51 349 1
108 468 1
258 227 1
258 324 1
107 285 1
107 100 1
257 372 1
257 79 1
257 244 1
257 66 1
107 182 1
255 21 1
106 7 1
253 506 1
23 409 1
106 47 1
251 38 1
106 216 1
250 347 1
250 68 1
12 194 1
246 197 1
244 95 1
244 381 1
244 411 1
244 167 1
49 358 1
244 481 1
243 142 1
103 494 1
103 377 1
23 144 1
242 17 1
102 86 1
239 255 1
239 180 1
23 169 1
23 355 1
238 461 1
238 93 1
102 235 1
233 89 1
233 396 1
49 83 1
233 344 1
233 176 1
101 20 1
231 478 1
231 453 1
230 175 1
101 308 1
230 335 1
229 61 1
6 245 1
48 160 1
48 99 1
227 73 1
101 248 1
227 163 1
48 480 1
226 471 1
100 84 1
47 207 1
224 31 1
100 33 1
47 369 1
99 462 1
12 241 1
223 22 1
22 138 1
221 445 1
46 339 1
221 384 1
22 191 1
98 260 1
219 454 1
5 455 1
22 262 1
96 440 1
96 190 1
46 290 1
217 374 1
45 1 1
216 234 1
215 87 1
215 69 1
94 264 1
11 91 1
211 490 1
211 420 1
206 291 1
93 405 1
93 504 1
93 385 1
92 261 1
204 393 1
44 447 1
200 214 1
200 477 1
92 395 1
21 399 1
195 499 1
43 398 1
193 482 1
91 148 1
91 486 1
192 61 1
192 464 1
9 308 1
21 397 1
190 430 1
20 404 1
41 509 1
187 459 1
186 40 1
184 174 1
183 362 1
510 370 1
510 278 1
181 310 1
504 489 1
181 346 1
20 460 1
492 105 1
85 352 1
486 171 1
19 309 1
179 191 1
482 75 1
5 18 1
84 485 1
178 139 1
473 507 1
467 475 1
466 431 1
174 263 1
456 58 1
82 249 1
81 86 1
80 485 1
450 16 1
421 208 1
76 19 1
38 350 1
37 89 1
410 424 1
404 164 1
404 112 1
402 145 1
385 449 1
72 137 1
32 87 1
108 0 2
