the whole cost is 174
0 55 1
4 109 1
4 118 1
11 44 1
89 122 1
92 84 1
92 57 1
92 81 1
92 6 1
91 102 1
17 9 1
18 106 1
85 43 1
89 29 1
89 58 1
17 30 1
84 118 1
4 38 1
40 66 1
83 22 1
83 59 1
83 88 1
82 23 1
38 43 1
82 103 1
79 67 1
79 58 1
6 77 1
8 62 1
15 60 1
76 108 1
76 67 1
75 78 1
75 40 1
15 100 1
34 58 1
33 79 1
72 57 1
8 90 1
14 52 1
71 117 1
32 80 1
32 115 1
69 118 1
14 95 1
66 68 1
0 115 1
2 88 1
14 7 1
29 20 1
64 97 1
64 17 1
60 31 1
5 126 1
13 42 1
13 26 1
26 116 1
60 126 1
58 117 1
60 44 1
25 114 1
56 57 1
56 64 1
13 77 1
54 21 1
54 63 1
54 65 1
54 62 1
1 26 1
5 89 1
13 111 1
48 93 1
49 123 1
124 74 1
124 66 1
124 57 1
123 108 1
12 77 1
48 7 1
119 24 1
119 113 1
21 124 1
47 113 1
115 6 1
113 46 1
5 17 1
19 77 1
113 109 1
103 100 1
103 93 1
101 123 1
18 85 1
42 91 1
99 57 1
89 10 2
89 125 2
41 17 2
85 51 2
84 59 2
17 98 2
82 121 2
82 53 2
35 110 2
34 73 2
76 61 2
33 96 2
69 114 2
65 87 2
27 72 2
4 39 2
55 112 2
55 110 2
55 120 2
124 104 2
124 3 2
48 16 2
104 94 2
96 127 2
95 105 2
91 45 3
65 86 3
54 37 3
82 50 4
82 28 4
15 107 4
14 36 4
43 70 5
