-10.000000 8.000000 7.489593 8.000000 -8.000000 8.000000 2.510407 8.000000 

25.000000 14.195331 -19.071524 3.037635 -29.627186 4.440802 -8.371138 4.454306 -33.000000 2.875737 -13.665021 4.765666 -30.372814 -1.511870 -10.892317 7.742393 

-11.000000 -26.268619 -7.209546 5.058671 -49.461946 22.520191 8.987088 6.917646 7.404986 -17.162223 10.717987 7.670361 16.545036 -5.271048 -10.677948 0.973950 -19.000000 10.626747 -16.686681 -7.625599 24.716319 21.542726 10.915142 -1.140287 14.595014 2.377688 13.077735 20.076760 -39.799409 15.634540 -1.123776 -7.931505 

7.000000 10.290353 25.933374 -28.493473 -13.391136 -31.307998 19.886064 -32.465331 -14.566385 0.169606 5.500821 -9.704562 -20.599812 -12.139947 22.129910 -1.140355 50.555544 19.906704 10.192109 -16.882061 64.541058 -25.672122 32.240964 10.763970 -8.750698 19.713967 26.540077 10.785149 52.213343 -15.141265 -3.910534 5.019846 -119.000000 15.815285 -20.320079 -4.098794 60.210192 1.788272 14.015852 15.243894 -12.559714 25.623797 47.306778 -8.141857 49.936935 -28.937680 7.630339 2.039904 53.444456 0.460946 31.441714 2.188755 -17.915504 -16.289595 12.334179 -11.105723 -12.123203 -40.500425 39.464083 -35.042983 -6.995076 -35.779898 33.614351 -10.966380 

-149.000000 -48.621676 -20.425383 -22.485072 13.300778 -7.799677 -6.398837 -25.308384 -8.338025 -13.919519 -6.009204 -27.381884 32.597719 -32.041705 -37.255917 -22.197378 10.211587 -20.248093 -59.961051 7.853143 -0.907777 -23.005946 -50.608648 -7.057087 22.379366 7.125512 -54.655006 -46.572214 21.495727 -43.145893 16.921981 -35.191718 19.737847 -43.069457 1.714174 -11.102330 3.281349 -8.137485 -25.938978 -20.544007 63.169484 -7.453853 19.566563 33.017423 29.247185 17.582619 -7.312574 -15.788414 132.856358 -27.303353 -55.067547 -11.568831 -58.870712 -14.157759 -44.647164 -9.918764 75.812923 -38.887850 -74.049060 -6.853465 -11.964709 1.777630 -2.157724 20.666931 -107.000000 48.291315 -2.831938 12.054699 -20.085305 15.492242 -64.903425 -18.392860 79.402486 2.316411 -43.234326 -2.499436 -33.039559 -4.778743 -46.448472 -15.847504 134.300186 -39.166631 -22.971570 11.602516 23.537121 48.063987 3.245690 10.031770 54.111404 -28.627670 -7.430408 -23.946404 -1.923651 -9.914223 -8.391689 -29.061189 16.262153 -37.273904 30.986573 -59.400452 4.342004 -72.528986 -25.815080 -16.232026 20.643474 3.995844 -45.023261 -12.390258 -15.957319 16.753452 -45.653618 -9.708608 14.631869 -25.439483 -41.093959 -28.399606 23.519152 -22.991057 -16.537751 -21.604655 -11.181111 -34.913553 -15.230327 -11.324803 7.427996 -5.972495 -10.382064 -32.449136 

-103.000000 26.998827 70.972614 15.322370 -98.925032 40.746179 -3.632153 26.906917 -68.811930 65.239263 -10.742893 8.121253 -47.831899 24.182419 -9.072163 6.475785 -41.270536 77.531294 29.231931 41.797439 -22.548220 -16.343912 -9.779371 -0.206253 -71.359382 32.561953 -131.243474 -12.872087 -45.925612 -7.306725 -16.721830 -27.147814 61.464360 -41.794552 59.203183 -28.817570 68.861332 -16.624278 36.790791 -20.106657 -74.395871 -11.924239 -12.564827 -19.101011 80.383355 -17.479149 -52.144702 -11.418502 74.622843 -17.358748 18.913458 3.521849 -16.381798 77.073813 -34.834157 15.340606 47.690264 -0.365382 25.969952 -5.370664 13.348027 -34.671211 14.690625 -16.440623 -81.476921 9.820470 -23.688385 1.861705 -46.235913 -40.028536 2.611312 5.762094 31.087079 37.519128 27.630155 20.523068 -23.349704 51.052753 -78.780342 -27.488702 -66.039844 -19.881388 7.610660 -3.399918 -48.450233 -9.380398 -12.774991 -4.917203 0.688557 20.966355 24.478162 4.012112 -38.257138 18.757486 52.752401 50.513825 40.810819 64.808674 -53.591004 -26.638561 -69.487700 -67.656952 101.189817 -55.376013 67.684535 -40.717111 45.138392 -32.520702 -70.418229 -37.335015 1.775838 -34.274912 -40.138252 -21.914049 -35.770207 35.714057 38.158115 27.611550 -11.452143 25.264274 -38.690867 37.536171 52.185642 7.263149 34.433171 -13.451773 -14.009994 14.086157 69.000000 26.496866 17.075221 2.957949 12.894015 0.433108 20.257363 25.284566 -40.884888 20.427917 11.316889 31.479058 5.655011 37.651162 -18.356248 -6.776394 -37.544219 -55.495500 6.053743 -46.493974 -76.495044 -43.731059 42.786173 -46.747550 58.584637 -48.713945 94.272289 -61.795528 -43.905627 -44.604863 -22.769169 27.465246 41.925918 86.514084 112.947645 58.596886 -48.849431 5.296071 -3.515053 18.874827 -5.079077 -10.427424 -3.558218 7.607431 -12.580583 10.692090 -3.789955 -11.818757 -68.227836 -96.472201 -97.926356 25.221503 -41.230175 19.313624 -6.866717 20.471554 17.586024 24.525753 6.670801 -22.868228 -33.955803 4.943346 -2.970061 -0.993671 -80.523079 -24.946598 2.108818 -37.247694 -2.631973 15.732046 49.141932 7.090128 50.749093 -20.584145 -36.836694 52.557812 -14.927411 11.275256 -10.638808 -4.545150 77.959048 -3.411983 -94.714005 -18.591725 61.910380 -29.977449 -3.428917 -13.883979 -70.330365 -9.809591 38.043257 -17.321252 24.348097 -28.209113 24.765395 -33.202655 59.798904 -44.657963 -29.212404 -17.487210 -71.031466 -48.682690 -111.647257 1.528798 -75.347182 -2.638331 1.681575 -10.955541 -28.914534 27.037410 15.666207 35.538858 -51.361204 -41.790661 -20.601419 3.939323 -53.195366 9.383414 -18.536346 29.320325 -69.170627 27.211882 1.239882 26.925835 -88.462612 29.046554 44.998142 19.479763 

